,Monday,,,,,   Tuesday,,,,,   Wednesday,,,,,   Thursday,,,,,   Friday,,,,,   Saturday,,,,,   Sunday,,,,,   
Time,,sales,labor,orders,seats,Staff(S/B/B/H/F),sales,labor,orders,seats,Staff(S/B/B/H/F),sales,labor,orders,seats,Staff(S/B/B/H/F),sales,labor,orders,seats,Staff(S/B/B/H/F),sales,labor,orders,seats,Staff(S/B/B/H/F),sales,labor,orders,seats,Staff(S/B/B/H/F),sales,labor,orders,seats,Staff(S/B/B/H/F),
Total	,week-13,0,0,0,0,(0/0/0/0/0),0,0,0,0,(0/0/0/0/0),0,0,0,0,(0/0/0/0/0),0,0,0,0,(0/0/0/0/0),0,0,0,0,(0/0/0/0/0),0,0,0,0,(0/0/0/0/0),0,0,0,0,(0/0/0/0/0),
	,week-14,2479,460,0,0,(5/0/0/1/2),1919,774,0,0,(8/2/3/2/4),2973,770,0,0,(7/2/2/1/4),4118,751,0,0,(9/1/1/1/2),7179,1100,0,0,(10/2/3/2/2),7439,1125,0,0,(12/2/5/0/2),4716,826,0,0,(11/1/2/0/2),
	,week-15,2353,496,0,0,(5/0/1/1/2),1487,619,0,0,(7/2/2/1/4),3186,713,0,0,(6/2/1/2/3),4909,925,0,0,(8/2/2/1/4),8526,1084,0,0,(9/2/3/1/4),7707,1062,0,0,(11/2/4/2/5),5014,879,0,0,(10/2/6/2/2),
	,week-16,1835,373,0,0,(2/1/2/1/2),3023,552,0,0,(5/3/2/0/2),2771,710,0,0,(10/3/2/0/3),1797,626,0,0,(7/3/3/1/4),7601,1138,0,0,(9/3/6/2/4),6850,1044,0,0,(8/3/7/4/4),4238,793,0,0,(7/4/5/2/2),
	,week-17,1897,498,0,0,(5/1/1/1/2),1965,608,0,0,(6/3/0/0/3),3319,575,0,0,(6/2/1/2/2),4563,859,0,0,(12/2/2/1/4),8551,1139,0,0,(9/3/4/1/4),6873,1349,0,0,(13/3/6/3/4),5901,1029,0,0,(9/3/5/2/2),
	,week-18,3024,511,0,0,(5/1/1/1/2),0,0,0,0,(0/0/0/0/0),0,0,0,0,(0/0/0/0/0),0,0,0,0,(0/0/0/0/0),0,0,0,0,(0/0/0/0/0),0,0,0,0,(0/0/0/0/0),0,0,0,0,(0/0/0/0/0),
Lunch	,week-13,0,0,0,0,(0/0/0/0/0),0,0,0,0,(0/0/0/0/0),0,0,0,0,(0/0/0/0/0),0,0,0,0,(0/0/0/0/0),0,0,0,0,(0/0/0/0/0),0,0,0,0,(0/0/0/0/0),0,0,0,0,(0/0/0/0/0),
	,week-14,339,141,0,0,(2/0/0/0/1),517,283,0,0,(4/1/1/2/2),872,287,0,0,(3/1/1/1/2),2076,228,0,0,(4/0/0/1/1),2189,317,0,0,(5/1/0/0/1),2123,336,0,0,(6/1/0/0/1),1928,335,0,0,(4/1/1/0/1),
	,week-15,695,117,0,0,(2/0/0/0/1),522,256,0,0,(4/1/0/1/2),858,266,0,0,(3/1/0/1/2),1170,257,0,0,(3/1/0/1/2),2306,280,0,0,(4/1/0/0/2),2290,351,0,0,(4/1/2/1/2),2497,334,0,0,(5/1/3/2/1),
	,week-16,390,85,0,0,(1/0/0/0/1),526,148,0,0,(3/1/0/0/1),1472,263,0,0,(6/1/1/0/1),1307,305,0,0,(4/1/1/1/2),2337,344,0,0,(4/1/1/0/2),1626,358,0,0,(3/1/3/3/2),1102,258,0,0,(3/1/2/1/1),
	,week-17,272,116,0,0,(2/0/0/0/1),622,245,0,0,(3/1/0/0/1),1281,186,0,0,(3/1/0/1/1),1954,289,0,0,(5/1/1/1/2),3762,360,0,0,(4/1/1/0/2),1765,408,0,0,(5/1/2/1/2),1311,337,0,0,(4/1/2/1/1),
	,week-18,1537,131,0,0,(2/0/0/0/1),0,0,0,0,(0/0/0/0/0),0,0,0,0,(0/0/0/0/0),0,0,0,0,(0/0/0/0/0),0,0,0,0,(0/0/0/0/0),0,0,0,0,(0/0/0/0/0),0,0,0,0,(0/0/0/0/0),
Dinner	,week-13,0,0,0,0,(0/0/0/0/0),0,0,0,0,(0/0/0/0/0),0,0,0,0,(0/0/0/0/0),0,0,0,0,(0/0/0/0/0),0,0,0,0,(0/0/0/0/0),0,0,0,0,(0/0/0/0/0),0,0,0,0,(0/0/0/0/0),
	,week-14,2139,319,0,0,(3/0/0/1/1),1401,491,0,0,(4/1/2/0/2),2100,483,0,0,(4/1/1/0/2),2042,522,0,0,(5/1/1/0/1),4990,783,0,0,(5/1/3/2/1),5316,789,0,0,(6/1/5/0/1),2787,491,0,0,(7/0/1/0/1),
	,week-15,1657,378,0,0,(3/0/1/1/1),964,363,0,0,(3/1/2/0/2),2327,446,0,0,(3/1/1/1/1),3738,667,0,0,(5/1/2/0/2),6220,804,0,0,(5/1/3/1/2),5417,710,0,0,(7/1/2/1/3),2517,545,0,0,(5/1/3/0/1),
	,week-16,1445,288,0,0,(1/1/2/1/1),2496,404,0,0,(2/2/2/0/1),1299,446,0,0,(4/2/1/0/2),489,320,0,0,(3/2/2/0/2),5263,793,0,0,(6/2/5/2/3),5223,685,0,0,(5/2/4/1/2),3136,534,0,0,(4/3/3/1/1),
	,week-17,1624,381,0,0,(3/1/1/1/1),1343,362,0,0,(3/2/0/0/2),2037,388,0,0,(3/1/1/1/1),2608,569,0,0,(7/1/1/0/2),4788,779,0,0,(5/2/3/1/2),5107,940,0,0,(8/2/4/2/2),4589,692,0,0,(5/2/3/1/1),
	,week-18,1487,380,0,0,(3/1/1/1/1),0,0,0,0,(0/0/0/0/0),0,0,0,0,(0/0/0/0/0),0,0,0,0,(0/0/0/0/0),0,0,0,0,(0/0/0/0/0),0,0,0,0,(0/0/0/0/0),0,0,0,0,(0/0/0/0/0),
11:00-12:00	,week-13,0,0,0,0,(0/0/0/0/0),0,0,0,0,(0/0/0/0/0),0,0,0,0,(0/0/0/0/0),0,0,0,0,(0/0/0/0/0),0,0,0,0,(0/0/0/0/0),0,0,0,0,(0/0/0/0/0),0,0,0,0,(0/0/0/0/0),
	,week-14,0,0,0,0,(2/0/0/0/1),0,0,0,0,(3/0/1/1/1),0,0,0,0,(3/1/1/1/2),0,0,0,0,(3/0/0/1/1),0,0,0,0,(4/0/0/0/1),0,0,0,0,(4/1/0/0/1),0,0,0,0,(2/1/0/0/1),
	,week-15,0,0,0,0,(1/0/0/0/1),0,0,0,0,(3/0/0/1/2),0,0,0,0,(3/0/0/1/2),0,0,0,0,(3/0/0/1/2),0,0,0,0,(3/0/0/0/2),0,0,0,0,(1/1/1/1/1),0,0,0,0,(3/1/1/1/1),
	,week-16,0,0,0,0,(1/0/0/0/1),0,0,0,0,(1/1/0/0/1),0,0,0,0,(3/1/1/0/1),0,0,0,0,(4/1/1/1/2),0,0,0,0,(4/1/0/0/2),0,0,0,0,(3/1/2/2/1),0,0,0,0,(1/1/2/0/1),
	,week-17,0,0,0,0,(1/0/0/0/1),0,0,0,0,(3/1/0/0/1),0,0,0,0,(3/1/0/1/1),0,0,0,0,(4/1/1/1/2),0,0,0,0,(4/1/1/0/1),0,0,0,0,(1/1/2/0/0),0,0,0,0,(2/1/2/1/1),
	,week-18,0,0,0,0,(2/0/0/0/1),0,0,0,0,(0/0/0/0/0),0,0,0,0,(0/0/0/0/0),0,0,0,0,(0/0/0/0/0),0,0,0,0,(0/0/0/0/0),0,0,0,0,(0/0/0/0/0),0,0,0,0,(0/0/0/0/0),
12:00-13:00	,week-13,0,0,0,0,(0/0/0/0/0),0,0,0,0,(0/0/0/0/0),0,0,0,0,(0/0/0/0/0),0,0,0,0,(0/0/0/0/0),0,0,0,0,(0/0/0/0/0),0,0,0,0,(0/0/0/0/0),0,0,0,0,(0/0/0/0/0),
	,week-14,0,0,0,0,(2/0/0/0/1),0,0,0,0,(3/1/1/1/1),0,0,0,0,(3/1/1/1/2),0,0,0,0,(3/0/0/1/1),0,0,0,0,(5/1/0/0/1),0,0,0,0,(5/1/0/0/1),0,0,0,0,(4/1/1/0/1),
	,week-15,0,0,0,0,(2/0/0/0/1),0,0,0,0,(3/1/0/1/2),0,0,0,0,(3/1/0/1/2),0,0,0,0,(3/1/0/1/2),0,0,0,0,(4/1/0/0/2),0,0,0,0,(4/1/2/1/2),0,0,0,0,(4/1/1/1/1),
	,week-16,0,0,0,0,(1/0/0/0/1),0,0,0,0,(2/1/0/0/1),0,0,0,0,(3/1/1/0/1),0,0,0,0,(4/1/1/1/2),0,0,0,0,(4/1/1/0/2),0,0,0,0,(3/1/2/1/2),0,0,0,0,(3/1/2/1/1),
	,week-17,0,0,0,0,(2/0/0/0/1),0,0,0,0,(3/1/0/0/1),0,0,0,0,(3/1/0/1/1),0,0,0,0,(4/1/1/1/2),0,0,0,0,(4/1/1/0/2),0,0,0,0,(5/1/2/1/2),0,0,0,0,(3/1/2/1/1),
	,week-18,0,0,0,0,(2/0/0/0/1),0,0,0,0,(0/0/0/0/0),0,0,0,0,(0/0/0/0/0),0,0,0,0,(0/0/0/0/0),0,0,0,0,(0/0/0/0/0),0,0,0,0,(0/0/0/0/0),0,0,0,0,(0/0/0/0/0),
13:00-14:00	,week-13,0,0,0,0,(0/0/0/0/0),0,0,0,0,(0/0/0/0/0),0,0,0,0,(0/0/0/0/0),0,0,0,0,(0/0/0/0/0),0,0,0,0,(0/0/0/0/0),0,0,0,0,(0/0/0/0/0),0,0,0,0,(0/0/0/0/0),
	,week-14,0,0,0,0,(2/0/0/0/1),0,0,0,0,(3/1/1/1/1),0,0,0,0,(3/1/1/1/2),0,0,0,0,(3/0/0/1/1),0,0,0,0,(5/1/0/1/1),0,0,0,0,(4/1/0/0/1),0,0,0,0,(4/1/1/0/1),
	,week-15,0,0,0,0,(2/0/0/0/1),0,0,0,0,(3/1/0/1/2),0,0,0,0,(3/1/0/1/2),0,0,0,0,(3/1/0/1/2),0,0,0,0,(4/1/0/0/2),0,0,0,0,(4/1/2/1/2),0,0,0,0,(4/1/2/1/1),
	,week-16,0,0,0,0,(1/0/0/0/1),0,0,0,0,(2/1/0/0/1),0,0,0,0,(3/1/1/0/1),0,0,0,0,(4/1/1/1/2),0,0,0,0,(4/1/1/0/2),0,0,0,0,(3/1/2/1/2),0,0,0,0,(3/1/2/1/1),
	,week-17,0,0,0,0,(2/0/0/0/1),0,0,0,0,(3/1/0/0/1),0,0,0,0,(3/1/0/1/1),0,0,0,0,(4/1/1/1/2),0,0,0,0,(4/1/1/0/2),0,0,0,0,(5/1/1/1/2),0,0,0,0,(4/1/1/1/1),
	,week-18,0,0,0,0,(2/0/0/0/1),0,0,0,0,(0/0/0/0/0),0,0,0,0,(0/0/0/0/0),0,0,0,0,(0/0/0/0/0),0,0,0,0,(0/0/0/0/0),0,0,0,0,(0/0/0/0/0),0,0,0,0,(0/0/0/0/0),
14:00-15:00	,week-13,0,0,0,0,(0/0/0/0/0),0,0,0,0,(0/0/0/0/0),0,0,0,0,(0/0/0/0/0),0,0,0,0,(0/0/0/0/0),0,0,0,0,(0/0/0/0/0),0,0,0,0,(0/0/0/0/0),0,0,0,0,(0/0/0/0/0),
	,week-14,0,0,0,0,(2/0/0/0/1),0,0,0,0,(4/1/1/2/2),0,0,0,0,(2/1/1/0/2),0,0,0,0,(3/0/0/1/1),0,0,0,0,(5/1/0/1/1),0,0,0,0,(4/1/0/0/1),0,0,0,0,(4/1/1/0/1),
	,week-15,0,0,0,0,(2/0/0/0/1),0,0,0,0,(4/0/0/0/2),0,0,0,0,(3/1/0/0/2),0,0,0,0,(3/1/0/0/2),0,0,0,0,(4/1/0/0/2),0,0,0,0,(4/1/2/1/2),0,0,0,0,(4/1/2/0/1),
	,week-16,0,0,0,0,(1/0/0/0/1),0,0,0,0,(3/0/0/0/1),0,0,0,0,(3/1/1/0/1),0,0,0,0,(2/0/1/0/1),0,0,0,0,(4/1/1/0/2),0,0,0,0,(3/1/2/1/2),0,0,0,0,(3/1/2/1/1),
	,week-17,0,0,0,0,(2/0/0/0/1),0,0,0,0,(3/1/0/0/1),0,0,0,0,(3/0/0/0/1),0,0,0,0,(3/1/1/0/1),0,0,0,0,(4/1/1/0/2),0,0,0,0,(5/1/1/1/2),0,0,0,0,(4/1/1/1/1),
	,week-18,0,0,0,0,(2/0/0/0/1),0,0,0,0,(0/0/0/0/0),0,0,0,0,(0/0/0/0/0),0,0,0,0,(0/0/0/0/0),0,0,0,0,(0/0/0/0/0),0,0,0,0,(0/0/0/0/0),0,0,0,0,(0/0/0/0/0),
15:00-16:00	,week-13,0,0,0,0,(0/0/0/0/0),0,0,0,0,(0/0/0/0/0),0,0,0,0,(0/0/0/0/0),0,0,0,0,(0/0/0/0/0),0,0,0,0,(0/0/0/0/0),0,0,0,0,(0/0/0/0/0),0,0,0,0,(0/0/0/0/0),
	,week-14,0,0,0,0,(1/0/0/0/0),0,0,0,0,(0/0/0/0/0),0,0,0,0,(0/0/0/0/0),0,0,0,0,(4/0/0/0/0),0,0,0,0,(3/1/0/1/0),0,0,0,0,(5/1/0/0/1),0,0,0,0,(4/1/1/0/1),
	,week-15,0,0,0,0,(0/0/0/0/0),0,0,0,0,(0/0/0/0/0),0,0,0,0,(1/0/0/0/0),0,0,0,0,(0/0/0/0/0),0,0,0,0,(0/1/0/0/0),0,0,0,0,(4/1/2/1/2),0,0,0,0,(5/1/2/0/1),
	,week-16,0,0,0,0,(0/0/0/0/0),0,0,0,0,(0/0/0/0/0),0,0,0,0,(5/0/1/0/0),0,0,0,0,(0/0/0/0/0),0,0,0,0,(0/0/0/0/0),0,0,0,0,(3/0/2/0/1),0,0,0,0,(1/0/2/0/0),
	,week-17,0,0,0,0,(0/0/0/0/0),0,0,0,0,(1/0/0/0/0),0,0,0,0,(0/0/0/0/0),0,0,0,0,(0/0/0/0/0),0,0,0,0,(3/0/1/0/0),0,0,0,0,(4/1/0/0/1),0,0,0,0,(2/0/1/1/1),
	,week-18,0,0,0,0,(0/0/0/0/0),0,0,0,0,(0/0/0/0/0),0,0,0,0,(0/0/0/0/0),0,0,0,0,(0/0/0/0/0),0,0,0,0,(0/0/0/0/0),0,0,0,0,(0/0/0/0/0),0,0,0,0,(0/0/0/0/0),
16:00-17:00	,week-13,0,0,0,0,(0/0/0/0/0),0,0,0,0,(0/0/0/0/0),0,0,0,0,(0/0/0/0/0),0,0,0,0,(0/0/0/0/0),0,0,0,0,(0/0/0/0/0),0,0,0,0,(0/0/0/0/0),0,0,0,0,(0/0/0/0/0),
	,week-14,0,0,0,0,(0/0/0/0/0),0,0,0,0,(0/0/0/0/1),0,0,0,0,(1/0/0/0/1),0,0,0,0,(1/0/0/0/0),0,0,0,0,(3/0/0/2/0),0,0,0,0,(2/1/0/0/0),0,0,0,0,(1/0/0/0/0),
	,week-15,0,0,0,0,(1/0/0/1/0),0,0,0,0,(1/0/0/0/1),0,0,0,0,(1/0/0/0/0),0,0,0,0,(2/0/0/0/1),0,0,0,0,(1/1/0/0/0),0,0,0,0,(0/1/0/0/0),0,0,0,0,(1/0/1/1/0),
	,week-16,0,0,0,0,(0/0/0/0/0),0,0,0,0,(0/0/0/0/0),0,0,0,0,(1/0/0/0/0),0,0,0,0,(2/1/1/0/1),0,0,0,0,(1/2/0/1/1),0,0,0,0,(2/1/0/0/1),0,0,0,0,(0/0/1/0/0),
	,week-17,0,0,0,0,(1/0/0/1/1),0,0,0,0,(2/1/0/0/1),0,0,0,0,(2/1/0/0/0),0,0,0,0,(1/1/0/0/1),0,0,0,0,(1/2/0/1/1),0,0,0,0,(1/2/0/0/1),0,0,0,0,(0/0/1/0/0),
	,week-18,0,0,0,0,(1/0/1/1/0),0,0,0,0,(0/0/0/0/0),0,0,0,0,(0/0/0/0/0),0,0,0,0,(0/0/0/0/0),0,0,0,0,(0/0/0/0/0),0,0,0,0,(0/0/0/0/0),0,0,0,0,(0/0/0/0/0),
17:00-18:00	,week-13,0,0,0,0,(0/0/0/0/0),0,0,0,0,(0/0/0/0/0),0,0,0,0,(0/0/0/0/0),0,0,0,0,(0/0/0/0/0),0,0,0,0,(0/0/0/0/0),0,0,0,0,(0/0/0/0/0),0,0,0,0,(0/0/0/0/0),
	,week-14,0,0,0,0,(2/0/0/1/1),0,0,0,0,(2/1/1/0/2),0,0,0,0,(2/1/1/0/2),0,0,0,0,(4/0/1/0/1),0,0,0,0,(4/1/2/2/1),0,0,0,0,(4/1/2/0/1),0,0,0,0,(4/0/1/0/1),
	,week-15,0,0,0,0,(1/0/1/1/1),0,0,0,0,(2/1/2/0/1),0,0,0,0,(1/0/1/1/1),0,0,0,0,(3/0/2/0/1),0,0,0,0,(3/1/2/1/1),0,0,0,0,(4/1/2/1/1),0,0,0,0,(4/1/3/0/1),
	,week-16,0,0,0,0,(1/0/2/1/1),0,0,0,0,(2/2/0/0/1),0,0,0,0,(3/2/1/0/1),0,0,0,0,(3/2/2/0/2),0,0,0,0,(3/2/3/1/2),0,0,0,0,(2/2/4/2/1),0,0,0,0,(2/2/3/1/1),
	,week-17,0,0,0,0,(2/1/1/1/1),0,0,0,0,(4/2/0/0/2),0,0,0,0,(2/1/1/1/1),0,0,0,0,(6/1/1/0/2),0,0,0,0,(3/2/2/1/2),0,0,0,0,(3/2/3/2/2),0,0,0,0,(3/2/3/1/1),
	,week-18,0,0,0,0,(3/1/1/1/1),0,0,0,0,(0/0/0/0/0),0,0,0,0,(0/0/0/0/0),0,0,0,0,(0/0/0/0/0),0,0,0,0,(0/0/0/0/0),0,0,0,0,(0/0/0/0/0),0,0,0,0,(0/0/0/0/0),
18:00-19:00	,week-13,0,0,0,0,(0/0/0/0/0),0,0,0,0,(0/0/0/0/0),0,0,0,0,(0/0/0/0/0),0,0,0,0,(0/0/0/0/0),0,0,0,0,(0/0/0/0/0),0,0,0,0,(0/0/0/0/0),0,0,0,0,(0/0/0/0/0),
	,week-14,0,0,0,0,(2/0/0/1/1),0,0,0,0,(4/1/2/0/2),0,0,0,0,(2/1/1/0/2),0,0,0,0,(4/1/1/0/1),0,0,0,0,(5/1/2/2/1),0,0,0,0,(5/1/3/0/1),0,0,0,0,(5/0/1/0/1),
	,week-15,0,0,0,0,(3/0/1/1/1),0,0,0,0,(3/1/2/0/2),0,0,0,0,(3/1/1/1/1),0,0,0,0,(4/1/2/0/2),0,0,0,0,(5/1/2/1/2),0,0,0,0,(6/1/2/1/2),0,0,0,0,(5/1/3/0/1),
	,week-16,0,0,0,0,(1/0/2/1/1),0,0,0,0,(2/2/2/0/1),0,0,0,0,(4/2/1/0/2),0,0,0,0,(3/2/2/0/2),0,0,0,0,(5/2/3/1/2),0,0,0,0,(5/2/3/1/2),0,0,0,0,(4/2/3/1/1),
	,week-17,0,0,0,0,(3/1/1/1/1),0,0,0,0,(3/2/0/0/2),0,0,0,0,(3/1/1/1/1),0,0,0,0,(7/1/1/0/2),0,0,0,0,(5/2/3/1/2),0,0,0,0,(7/2/3/2/2),0,0,0,0,(5/2/3/1/1),
	,week-18,0,0,0,0,(3/1/1/1/1),0,0,0,0,(0/0/0/0/0),0,0,0,0,(0/0/0/0/0),0,0,0,0,(0/0/0/0/0),0,0,0,0,(0/0/0/0/0),0,0,0,0,(0/0/0/0/0),0,0,0,0,(0/0/0/0/0),
19:00-20:00	,week-13,0,0,0,0,(0/0/0/0/0),0,0,0,0,(0/0/0/0/0),0,0,0,0,(0/0/0/0/0),0,0,0,0,(0/0/0/0/0),0,0,0,0,(0/0/0/0/0),0,0,0,0,(0/0/0/0/0),0,0,0,0,(0/0/0/0/0),
	,week-14,0,0,0,0,(3/0/0/1/1),0,0,0,0,(4/1/2/0/2),0,0,0,0,(4/1/1/0/2),0,0,0,0,(5/1/1/0/1),0,0,0,0,(5/1/3/2/1),0,0,0,0,(6/1/4/0/1),0,0,0,0,(6/0/1/0/1),
	,week-15,0,0,0,0,(3/0/1/1/1),0,0,0,0,(3/1/2/0/2),0,0,0,0,(3/1/1/1/1),0,0,0,0,(5/1/2/0/2),0,0,0,0,(5/1/2/1/2),0,0,0,0,(6/1/2/1/2),0,0,0,0,(5/1/3/0/1),
	,week-16,0,0,0,0,(1/0/1/1/1),0,0,0,0,(2/2/2/0/1),0,0,0,0,(4/2/1/0/2),0,0,0,0,(3/2/2/0/2),0,0,0,0,(5/2/3/2/2),0,0,0,0,(5/2/3/1/2),0,0,0,0,(4/2/3/1/1),
	,week-17,0,0,0,0,(3/1/1/1/1),0,0,0,0,(3/2/0/0/2),0,0,0,0,(3/1/1/1/1),0,0,0,0,(7/1/1/0/2),0,0,0,0,(5/2/3/1/2),0,0,0,0,(7/2/4/2/2),0,0,0,0,(5/2/3/1/1),
	,week-18,0,0,0,0,(3/1/1/1/1),0,0,0,0,(0/0/0/0/0),0,0,0,0,(0/0/0/0/0),0,0,0,0,(0/0/0/0/0),0,0,0,0,(0/0/0/0/0),0,0,0,0,(0/0/0/0/0),0,0,0,0,(0/0/0/0/0),
20:00-21:00	,week-13,0,0,0,0,(0/0/0/0/0),0,0,0,0,(0/0/0/0/0),0,0,0,0,(0/0/0/0/0),0,0,0,0,(0/0/0/0/0),0,0,0,0,(0/0/0/0/0),0,0,0,0,(0/0/0/0/0),0,0,0,0,(0/0/0/0/0),
	,week-14,0,0,0,0,(3/0/0/1/1),0,0,0,0,(4/1/2/0/2),0,0,0,0,(4/1/1/0/2),0,0,0,0,(5/1/1/0/1),0,0,0,0,(5/1/3/2/1),0,0,0,0,(6/1/4/0/1),0,0,0,0,(6/0/1/0/1),
	,week-15,0,0,0,0,(3/0/1/1/1),0,0,0,0,(3/1/2/0/2),0,0,0,0,(3/1/1/1/1),0,0,0,0,(5/1/2/0/2),0,0,0,0,(5/1/2/1/2),0,0,0,0,(6/1/2/1/2),0,0,0,0,(5/1/3/0/1),
	,week-16,0,0,0,0,(1/1/1/1/1),0,0,0,0,(2/2/2/0/1),0,0,0,0,(4/2/1/0/2),0,0,0,0,(1/0/0/0/1),0,0,0,0,(5/2/3/2/2),0,0,0,0,(5/2/3/1/2),0,0,0,0,(4/2/3/1/1),
	,week-17,0,0,0,0,(3/1/1/1/1),0,0,0,0,(3/1/0/0/1),0,0,0,0,(3/1/1/1/1),0,0,0,0,(7/1/1/0/2),0,0,0,0,(5/2/3/1/2),0,0,0,0,(7/2/4/1/2),0,0,0,0,(5/2/3/1/1),
	,week-18,0,0,0,0,(2/1/1/1/1),0,0,0,0,(0/0/0/0/0),0,0,0,0,(0/0/0/0/0),0,0,0,0,(0/0/0/0/0),0,0,0,0,(0/0/0/0/0),0,0,0,0,(0/0/0/0/0),0,0,0,0,(0/0/0/0/0),
21:00-22:00	,week-13,0,0,0,0,(0/0/0/0/0),0,0,0,0,(0/0/0/0/0),0,0,0,0,(0/0/0/0/0),0,0,0,0,(0/0/0/0/0),0,0,0,0,(0/0/0/0/0),0,0,0,0,(0/0/0/0/0),0,0,0,0,(0/0/0/0/0),
	,week-14,0,0,0,0,(3/0/0/1/1),0,0,0,0,(3/1/2/0/2),0,0,0,0,(4/1/1/0/2),0,0,0,0,(5/1/1/0/1),0,0,0,0,(5/1/3/2/1),0,0,0,0,(6/1/4/0/1),0,0,0,0,(6/0/1/0/1),
	,week-15,0,0,0,0,(3/0/1/1/1),0,0,0,0,(2/0/0/0/1),0,0,0,0,(3/1/1/1/1),0,0,0,0,(5/1/2/0/2),0,0,0,0,(5/1/2/1/2),0,0,0,0,(6/1/2/1/2),0,0,0,0,(5/1/3/0/1),
	,week-16,0,0,0,0,(1/1/1/1/1),0,0,0,0,(2/2/2/0/1),0,0,0,0,(4/2/1/0/2),0,0,0,0,(0/0/0/0/0),0,0,0,0,(5/2/3/2/2),0,0,0,0,(5/2/3/1/2),0,0,0,0,(4/3/3/0/1),
	,week-17,0,0,0,0,(3/1/1/1/1),0,0,0,0,(2/1/0/0/1),0,0,0,0,(3/1/1/1/1),0,0,0,0,(7/1/1/0/2),0,0,0,0,(5/2/3/1/2),0,0,0,0,(7/2/4/1/2),0,0,0,0,(5/2/3/1/1),
	,week-18,0,0,0,0,(2/1/1/1/1),0,0,0,0,(0/0/0/0/0),0,0,0,0,(0/0/0/0/0),0,0,0,0,(0/0/0/0/0),0,0,0,0,(0/0/0/0/0),0,0,0,0,(0/0/0/0/0),0,0,0,0,(0/0/0/0/0),
22:00-23:00	,week-13,0,0,0,0,(0/0/0/0/0),0,0,0,0,(0/0/0/0/0),0,0,0,0,(0/0/0/0/0),0,0,0,0,(0/0/0/0/0),0,0,0,0,(0/0/0/0/0),0,0,0,0,(0/0/0/0/0),0,0,0,0,(0/0/0/0/0),
	,week-14,0,0,0,0,(3/0/0/0/1),0,0,0,0,(1/1/1/0/1),0,0,0,0,(4/1/1/0/2),0,0,0,0,(4/1/1/0/1),0,0,0,0,(4/1/2/1/1),0,0,0,0,(5/1/4/0/1),0,0,0,0,(7/0/1/0/1),
	,week-15,0,0,0,0,(3/0/1/0/1),0,0,0,0,(2/0/0/0/1),0,0,0,0,(3/1/1/0/1),0,0,0,0,(4/1/2/0/2),0,0,0,0,(5/1/2/1/2),0,0,0,0,(7/1/2/1/3),0,0,0,0,(3/1/3/0/1),
	,week-16,0,0,0,0,(1/1/1/1/1),0,0,0,0,(2/2/2/0/1),0,0,0,0,(1/0/1/0/1),0,0,0,0,(0/0/0/0/0),0,0,0,0,(5/2/4/2/2),0,0,0,0,(4/1/4/1/1),0,0,0,0,(3/1/3/0/1),
	,week-17,0,0,0,0,(2/0/1/0/1),0,0,0,0,(2/1/0/0/1),0,0,0,0,(3/1/1/0/1),0,0,0,0,(1/1/1/0/1),0,0,0,0,(5/1/3/1/2),0,0,0,0,(6/2/4/1/2),0,0,0,0,(4/2/3/0/1),
	,week-18,0,0,0,0,(1/0/1/0/1),0,0,0,0,(0/0/0/0/0),0,0,0,0,(0/0/0/0/0),0,0,0,0,(0/0/0/0/0),0,0,0,0,(0/0/0/0/0),0,0,0,0,(0/0/0/0/0),0,0,0,0,(0/0/0/0/0),
23:00-24:00	,week-13,0,0,0,0,(0/0/0/0/0),0,0,0,0,(0/0/0/0/0),0,0,0,0,(0/0/0/0/0),0,0,0,0,(0/0/0/0/0),0,0,0,0,(0/0/0/0/0),0,0,0,0,(0/0/0/0/0),0,0,0,0,(0/0/0/0/0),
	,week-14,0,0,0,0,(0/0/0/0/0),0,0,0,0,(0/0/0/0/0),0,0,0,0,(0/0/0/0/0),0,0,0,0,(0/0/1/0/0),0,0,0,0,(3/1/2/1/0),0,0,0,0,(2/0/4/0/0),0,0,0,0,(0/0/0/0/0),
	,week-15,0,0,0,0,(0/0/0/0/0),0,0,0,0,(0/0/0/0/0),0,0,0,0,(0/0/0/0/0),0,0,0,0,(0/0/2/0/0),0,0,0,0,(2/1/2/0/0),0,0,0,0,(3/1/2/1/0),0,0,0,0,(0/0/0/0/0),
	,week-16,0,0,0,0,(0/0/0/0/0),0,0,0,0,(0/0/0/0/0),0,0,0,0,(0/0/0/0/0),0,0,0,0,(0/0/0/0/0),0,0,0,0,(4/0/5/0/0),0,0,0,0,(0/0/2/0/0),0,0,0,0,(0/0/0/0/0),
	,week-17,0,0,0,0,(0/0/0/0/0),0,0,0,0,(0/0/0/0/0),0,0,0,0,(0/0/0/0/0),0,0,0,0,(0/0/0/0/0),0,0,0,0,(0/0/0/0/0),0,0,0,0,(0/0/0/0/0),0,0,0,0,(0/0/0/0/0),
	,week-18,0,0,0,0,(0/0/0/0/0),0,0,0,0,(0/0/0/0/0),0,0,0,0,(0/0/0/0/0),0,0,0,0,(0/0/0/0/0),0,0,0,0,(0/0/0/0/0),0,0,0,0,(0/0/0/0/0),0,0,0,0,(0/0/0/0/0),
