Ignoring 4103
                          Name            Type           Hours        OT-hours             Pay            tips       extra-tips    cash-advance            Total 
                         Bunny       Bartender           75.05            1.44           772.1        676.1275             1.65          111.69        1338.1875 
                        Deepak          Server           54.88            5.96          861.57        1304.331           29.266          344.19         1850.977 
                        Dhruti         Hostess            6.97             0.0            69.7         20.6762              0.0             0.0          90.3762 
                        Efrain             BOH            40.0           42.53             0.0             0.0              0.0             0.0              0.0 
                        Hugo L             BOH          101.63           18.69             0.0             0.0              0.0             0.0              0.0 
                       Jacklin          Busser            9.02             0.0          158.34         93.5465              0.0             0.0         251.8865 
                       Jaime F             BOH           98.79           54.62             0.0             0.0              0.0             0.0              0.0 
                       James d          Server           64.37            3.56         941.085        1201.242            3.857          115.53         2030.654 
                      Jaspreet          Server           68.65            4.27       1013.2425         1849.19            9.172          196.08        2675.5245 
                       Jorge V             BOH            16.0            6.06             0.0             0.0              0.0             0.0              0.0 
                      Joseph G          Server           60.83            4.28         907.875        1563.702            7.347          308.58         2170.344 
                       Kitchen         Kitchen             0.0             0.0             0.0       1351.2735              0.0           131.7        1219.5735 
                          Kyle          Busser           30.06            1.17        429.5025       122.54155              0.0             0.0        552.04405 
                           Leo          Server           29.88             0.0          403.38           543.9            9.868             0.0          957.148 
                         Lucas          Busser           42.03             0.0          630.45   219.155333333              0.0             0.0    849.605333333 
                          Luis          Busser           49.56             0.0          669.06   304.379466667              0.0             0.0    973.439466667 
                        Mendez          Busser           10.33             0.0          144.62         39.7658              0.0             0.0         184.3858 
                       Prabesh          Server           55.76            3.11        815.7375        1126.888           38.015          204.77        1775.8705 
                       Prajwal          Busser           25.09             1.5          328.08   123.781383333              0.0             0.0    451.861383333 
                         Rowan          Busser           48.32            9.31        840.8475   274.684966667              0.0             0.0    1115.53246667 
                       Saleena          Server           13.86             0.0          187.11         317.268            1.506             0.0          505.884 
                        Sanchi          Server            29.3            0.77        411.1425         723.576            3.789          217.79         920.7175 
                       Shivraj         Manager            80.0           60.19             0.0          17.773              0.3             0.0           18.073 
                      Surendra       Bartender           44.67            0.99        623.0925         345.725              0.7             0.0         969.5175 
                          Udit     Food Runner           67.86            2.15          710.85         284.331              0.0             0.0          995.181 
                        Vaibav          Server           33.04             0.0           330.4         52.1515              0.0             0.0         382.5515 
                         Vinay     Food Runner           71.97            2.33        880.2125        263.4975              0.0             0.0          1143.71 
                          Yuji          Busser           30.59            1.23        437.8725        145.1528              0.0             0.0         583.0253 
                         Total                         1258.51          224.16        12566.27        12964.66           105.47         1630.33         24006.07 
